Slope = -1.613
C10 = 0.013303
C01 = 0.0061072
Chi-squared = 2.64
