i = 0, j = 2, C = 0.001608
i = 1, j = 1, C = 0.002874
i = 1, j = 2, C = 0.000418
i = 2, j = 0, C = 0.001199
i = 2, j = 1, C = 0.000815
i = 2, j = 2, C = 0.000357
Slope = -1.613
C10 = 0.013303
C01 = 0.0061072
Chi-squared = 2.64
