Slope = -1.613
C10 = 0.012778
C01 = 0.0052136
Chi-squared = 1.90
