Slope = -1.613
C10 = 0.012205
C01 = 0.0056682
Chi-squared = 1.68
